1 0.774262 0.197452 0.447257 0.337580
1 0.782700 0.595541 0.434599 0.286624
1 0.680380 0.904459 0.272152 0.191083
1 0.516878 0.480892 0.400844 0.178344
1 0.456751 0.189490 0.343882 0.194268
1 0.271097 0.184713 0.221519 0.121019
1 0.138186 0.170382 0.149789 0.105096
1 0.040084 0.167197 0.063291 0.085987
1 0.254219 0.428344 0.217300 0.194268
1 0.129747 0.351911 0.158228 0.130573
1 0.501055 0.740446 0.356540 0.187898
1 0.315401 0.617834 0.318565 0.159236
1 0.133966 0.542994 0.120253 0.117834
1 0.062236 0.468153 0.086498 0.121019
1 0.398734 0.929936 0.181435 0.133758
1 0.290084 0.805732 0.238397 0.127389
1 0.154008 0.684713 0.156118 0.146497
1 0.240506 0.944268 0.126582 0.111465
1 0.144515 0.850318 0.124473 0.152866