1 0.114545 0.232240 0.214545 0.202186
1 0.101818 0.535519 0.203636 0.153005
1 0.100000 0.827869 0.200000 0.202186
1 0.354545 0.040984 0.236364 0.081967
1 0.570909 0.071038 0.232727 0.142077
1 0.690909 0.092896 0.320000 0.163934
1 0.894545 0.109290 0.210909 0.131148
1 0.327273 0.229508 0.312727 0.174863
1 0.347273 0.494536 0.280000 0.125683
1 0.336364 0.732240 0.301818 0.174863
1 0.345455 0.956284 0.269091 0.087432
1 0.523636 0.248634 0.363636 0.147541
1 0.536364 0.483607 0.287273 0.147541
1 0.534545 0.699454 0.290909 0.207650
1 0.580000 0.909836 0.214545 0.136612
1 0.718182 0.292350 0.272727 0.202186
1 0.874545 0.262295 0.236364 0.131148
1 0.712727 0.486339 0.283636 0.174863
1 0.703636 0.672131 0.287273 0.163934
1 0.716364 0.857923 0.276364 0.153005
1 0.872727 0.453552 0.210909 0.153005
1 0.865455 0.642077 0.232727 0.147541
1 0.878182 0.797814 0.214545 0.131148